1047
2197
33835
1074
34461
33795
33173
2505
34380
34965
1039
1760
946
33702
916
33735
33687
937
140
2560
1067
33807
405
1049
33716
1055
34924
1027
1965
1029
33818
1042
921
33810
33694
2202
33806
1038
33809
1612
1009
919
1063
915
33167
33823
1003
34926
1073
33689
33817
1043
33831
934
35328
33714
33811
1693
34913
35304
917
33771
967
34733
2158
34528
33705
34415
33815
948
926
33841
33797
1050
33683
33842
33684
33777
1647
1041
2145
33685
2536
35273
linha_proxy